resnet: 0.5400641025641025
inceptionnet: 0.3541666666666667
alexnet: 0.38782051282051283
inceptionresnet: 0.2783647840298038